me_lp     ITN     131    INFEASIBLE    NINF      2      OBJ   3.456719005250E-09
OBJ=c        RHS=b        RNG=         BND=bounds   M=   4212 N=   6278 SB=    0
03333333333030030000000000000000000030330333330003300003333003003330330300003333
03330000000330030003333000000000000300000000330333330000000003333303000000303003
00000000000333000330330303333300003003030030000000003300300003000000000000000030
33333133333333333333333333033333000303333303300333303330003003303333030033030333
30333333333333333333033303303033033333030030030303333303033303033333333003303330
33333333333033333333003333333003030000300303333333033003303033333333330333333033
33333330300033330030333330333333003033333330333333333033330333333330333333300333
30033300033303033333330303300330300303000333330030333003333303330333333333333333
33030333333330303333333333333333333333333333333333330333333333333333333333333333
33333333333333333333333333333333333333333333333333333333333333333333333333333333
33333333333333333333333333333333333333333330333333333333033333333333333333333333
33333333333333333333333333303333333333333333333333333303033333333333333333333333
33333333333330303333333333333333333333330333333333333333333333333333330333333333
33033033333333033333333333333333333333333333333033333333333333333333333333333333
33033333333333333333333333333303333333333333333333333333333333333333333333330333
33333330333333333333333333333333303333333333333333333333333333333333330330333333
33333333330333333333333303333330330333303333333333333333333033333030303333333333
33333333333333333333333333333333333333333333333033333330303030333333333333333333
33333333333333333333333033333333333333333333333333333333333333333333333333333333
33333333333333333333333333333333333333333333333333333333333333333333333333333333
33333333333333333333333333333333333333333333033333333333333333333333333033333333
33330333333333333333333333033333303030303303333033303333333333333333333333330333
03330333333333333333333333333333333333333333333333333333333333330333333333333333
33333333333333333333333333333333333333333333333333333333333333333333333333333333
33333333333333333333333333333333333333333033333300000033333333330330000000300033
00000300300000030000030000000300033333333033033333303000300030003300030000000333
33300000000000030030000003333030000000033330000330000333330000003333333300000000
00000000000000000000303000003003003000330303000000300300030300000030000003000300
00030030030000300000000000000000000303333333030000033303003333000003030030033003
03300030303303333300300000000000000000000000000000003333003033330300333330000003
33300000030300303303000000033330000333030303330033300000030300333333003030330000
00333300033300333000303003030033000000033300000000030300300000033330003030300033
33030033033333030330333303333333300003300333333330330003303033303333000003300300
30300030000000330003000033030033333333003330003303000033303033330303030303300330
30033330333330000000000000030033300000000000300003330000000333000000033333333003
30300033033300003300330033303003333033300003333300330333030330300033330300330003
33330333303030003333303003303003330333030303333030033030000003333000000033033030
33003030000033000030003003000033303303000003030030003030000000030333000000030000
00000000000000000000000000000000000000000000000000000000000000030300003000000000
00000003300000003330000000000000000000003033030000030003000000300000030000300000
00030000000003300300030033030000030033300000000000003333300000030000000000000000
00000000003000000030030300333330330030303000000000000003300000000000000030333333
33333333333333333333333333333333333333333333333333333333333333333333333333333333
33333333333333333333333333333333333333333333333333333333333333333333333333333333
33333333333333333333333333333333333333333333333333333333333333333333333333333333
33333333333333333333333333333333333333333333333333333333333333333333333333333333
33333333333333333333333333333333333333333333333333333333333333333333333333333333
33333333333333333333333333333333333333333333333333333333333333333333333333333333
33333333333333333333333333333333333333333333333333033333333333333333333333333333
33333333333333333333333333333333333333333333333333333333333333333333333333333333
33333333333333333333333333333333333333333333333333333333333333333333333333333333
33333333333333333333333333333333333333333333333333333333333333333333333333333333
33333333333333333333333333333333333333333333333333333333033330303030330303033303
03003303030303030303303330003303303030303030330333003033033330000000033300300030
00003000300030300000303033333003033033303030333003030030330333333033333003303330
30330030033030003000300033000003003003003003003003003003003003003000000003003003
00300300300300303000300330003033330330333033333330003003033033300030300300033300
30003030300003300300303003033033300030030333330003030033000333303030033303030330
33000330000030330033033033303330303330003033000333300333030303003033300030003330
33333300303333003333333333033333333303333333330333303303303303300330333003300030
30000300003000303000003000330003333330300300000030000000030000030300030003000300
00000000030000003000030000000300000000000300030000000003000000000300300000000300
30000003333333330303300303033033033000300030003030333300303030330030303333333330
33033303333333300333303030030333303303003303333330000300300300300330300030003033
33330030303033333300333303030303330033003030303030333003333303003333033033303303
03033330303030033330303330330303003333000003033303033033003330333303330033030300
33000003030300303000300003300033030000000000330000300003000003000000003333003330
33030000303333330003003030300033033033000030300030330333333003033033330333030333
03000030333333333330303030330033333303033033330030000030030000030303030303300303
00033003003330033000003030000033330333333033330300300000033333333003303033330000
30330033303333003330030033003003303333033030330030303003330333333303330030303000
03330330330303330300330300030030003030300030300000030003330330330333033330333333
03030003333033033303003033303333333003330033033330030033033333030330003033330303
30300330033033033333030333000303333030003030330330330003330330030033033030300333
33330330333330300333003300333033300030000003003000033003000000003303303303300333
33000000000000000000033030333030003303000030330033300300030333333303333333333333
33333333333333333333333333333333333333333333333333333333333333333333333333333333
33333333333333333333333333333333333333333333333333333333333333333333333333333333
33333333333333333333333333333333333330000000000000000000300000000000000000000000
00000000000000000000000000003000000000000000000000000000000000000000000000000000
00030000000000000000000000000000000033000000000000000000000000300000000000000000
00000000000000000000000300333030000000000000000000000000000000000000000000000000
00000000000000000000000300000000000000000000000000000000000000000000000003000000
00300000000000000003000000000000300000000000000000000000000000000000000000000000
00000000000300000000000000000000000000000000000000000000000000000000000300000000
00000000000000000000000000000030000000000000000000000000300000000000000000000303
00000000000000000000303000000003000000000000000000000000000000000000000000000000
00000030330000000000000000000000000000000000000000000000000300000000003300000000
00000300000000300000000000000000000000000000000000000030300003000300000000000000
00000003000000000030033333333330000000000000000000000000000000000000030000000300
00333300000000030000000000030000000003000000000000000000000000000000000000000000
00000000000000000000000000000000000000000000000000000000000000000000000000000000
00000000000000000000000000000000000000000000000000000000000000000000000000000000
00000000000000000000000000000000000000000000000000000000000000000000000000000000
00000000000000000000000000000000000000000000000000000000000000000000000000000000
00000000000000000000000000000000000000000000000000000000000000000000000000000000
00000000000000000000000000000000000000000000000000000000000000000000000000000000
00000000000000000000000000000000000000000000000000000000000000000000000000000000
00000000000000000000000000000000000000000000000000000000000000000000000000000000
00000000000000000000000000000000000000000000000000000000000000000000000000000000
